function [delta,beta]=PMMA_delta_beta(E)
%% SiO2_delta_beta
% 
% DESCRIPTION:
%   PMMA delta and beta values as function of the energy
%   Density assumed rho=1.19 g/cm3
%
%
%%
table=[1000.     ,  0.000276933046,  3.29402465E-05;
  1006.83929,  0.000273218553,  3.21187181E-05;
  1013.7254 ,  0.000269553886,  3.13176824E-05;
  1020.65863,  0.000265935785,  3.05393114E-05;
  1027.63916,  0.000262365182,  2.97815004E-05;
  1034.66748,  0.00025884193 ,  2.9040857E-05 ;
  1041.7439 ,  0.000255364983,  2.83155041E-05;
  1048.86877,  0.00025193466 ,  2.76082501E-05;
  1056.04236,  0.000248541619,  2.69138036E-05;
  1063.26489,  0.000245194184,  2.62367612E-05;
  1070.53687,  0.000241887275,  2.55768009E-05;
  1077.85852,  0.000238622451,  2.49334844E-05;
  1085.23035,  0.000235400265,  2.4306295E-05 ;
  1092.65271,  0.000232217921,  2.36948199E-05;
  1100.12561,  0.000229078709,  2.30987462E-05;
  1107.64966,  0.000225977637,  2.25174444E-05;
  1115.22534,  0.000222918097,  2.19507328E-05;
  1122.85266,  0.000219897789,  2.13984877E-05;
  1130.5321 ,  0.000216916742,  2.0860276E-05 ;
  1138.26428,  0.000213975363,  2.03355939E-05;
  1146.04919,  0.000211071616,  1.98241778E-05;
  1153.88745,  0.000208207231,  1.93256255E-05;
  1161.77917,  0.000205379256,  1.88394934E-05;
  1169.72498,  0.000202589261,  1.83655538E-05;
  1177.7251 ,  0.000199836053,  1.79035869E-05;
  1185.77979,  0.000197119225,  1.7453287E-05 ;
  1193.88977,  0.000194438966,  1.7014303E-05 ;
  1202.05518,  0.000191793515,  1.65863567E-05;
  1210.27637,  0.000189184066,  1.61691623E-05;
  1218.55383,  0.000186609119,  1.57624399E-05;
  1226.88794,  0.000184068937,  1.53659366E-05;
  1235.27893,  0.000181563068,  1.49788102E-05;
  1243.72742,  0.000179090872,  1.46006778E-05;
  1252.23364,  0.000176652233,  1.42319805E-05;
  1260.7981 ,  0.000174245448,  1.38712921E-05;
  1269.42114,  0.000171871463,  1.35197497E-05;
  1278.10303,  0.000169527644,  1.31757324E-05;
  1286.84436,  0.000167214981,  1.28399979E-05;
  1295.64551,  0.000164932964,  1.25128481E-05;
  1304.50684,  0.000162680677,  1.21940875E-05;
  1313.42871,  0.000160459094,  1.18834396E-05;
  1322.41162,  0.000158266354,  1.15807343E-05;
  1331.45605,  0.000156103575,  1.12857415E-05;
  1340.56238,  0.000153969362,  1.09982311E-05;
  1349.73083,  0.000151863904,  1.07180285E-05;
  1358.96204,  0.000149786938,  1.04449991E-05;
  1368.25647,  0.000147737665,  1.01789756E-05;
  1377.61438,  0.000145716476,  9.9197332E-06 ;
  1387.03625,  0.000143722136,  9.66707648E-06;
  1396.52258,  0.000141755037,  9.42086626E-06;
  1406.07397,  0.000139814438,  9.18088699E-06;
  1415.69043,  0.000137900221,  8.94699861E-06;
  1425.3728 ,  0.000136012022,  8.71907469E-06;
  1435.12146,  0.000134149304,  8.49700336E-06;
  1444.93665,  0.000132312111,  8.28059183E-06;
  1454.81897,  0.000130500048,  8.06951175E-06;
  1464.76892,  0.000128712796,  7.86379405E-06;
  1474.78687,  0.000126949832,  7.66309313E-06;
  1484.87341,  0.000125210834,  7.46733895E-06;
  1495.02893,  0.000123495614,  7.27633278E-06;
  1505.25391,  0.00012180359 ,  7.08917605E-06;
  1515.54883,  0.00012013477 ,  6.906831E-06  ;
  1525.91406,  0.000118487733,  6.72906117E-06;
  1536.35034,  0.000116863055,  6.55584518E-06;
  1546.85791,  0.000115260424,  6.38711481E-06;
  1557.43726,  0.000113679496,  6.22274774E-06;
  1568.08911,  0.000112120171,  6.06260664E-06;
  1578.81384,  0.00011058191 ,  5.90652508E-06;
  1589.61182,  0.000109064764,  5.75446484E-06;
  1600.48364,  0.000107568172,  5.60631679E-06;
  1611.42981,  0.000106092048,  5.46198953E-06;
  1622.45081,  0.000104636085,  5.32138665E-06;
  1633.54736,  0.000103199935,  5.1844122E-06 ;
  1644.71973,  0.000101783495,  5.05096023E-06;
  1655.96838,  0.00010038638 ,  4.92093295E-06;
  1667.29419,  9.90084081E-05,  4.79425307E-06;
  1678.69727,  9.76493538E-05,  4.67083419E-06;
  1690.17834,  9.63089478E-05,  4.5505908E-06 ;
  1701.73804,  9.49869645E-05,  4.43345061E-06;
  1713.37671,  9.36832075E-05,  4.31933449E-06;
  1725.09509,  9.23973203E-05,  4.20815195E-06;
  1736.89355,  9.11292955E-05,  4.09925497E-06;
  1748.77258,  8.98786748E-05,  3.9931806E-06 ;
  1760.73303,  8.86448979E-05,  3.8897274E-06 ;
  1772.77527,  8.74279067E-05,  3.78889126E-06;
  1784.89978,  8.62275701E-05,  3.69062786E-06;
  1797.10718,  8.50435899E-05,  3.59482692E-06;
  1809.39832,  8.38758497E-05,  3.50151254E-06;
  1821.77332,  8.27240365E-05,  3.41061536E-06;
  1834.23291,  8.15880412E-05,  3.32207742E-06;
  1846.77783,  8.04675874E-05,  3.23584163E-06;
  1859.40845,  7.93624858E-05,  3.15185252E-06;
  1872.12561,  7.8272562E-05 ,  3.07004325E-06;
  1884.92969,  7.7197612E-05 ,  2.99035514E-06;
  1897.82117,  7.61374249E-05,  2.91273955E-06;
  1910.80103,  7.50918116E-05,  2.83713825E-06;
  1923.86963,  7.4060561E-05 ,  2.76349965E-06;
  1937.02759,  7.30434695E-05,  2.69177258E-06;
  1950.27539,  7.20403696E-05,  2.62191179E-06;
  1963.61401,  7.10510431E-05,  2.55386385E-06;
  1977.0437 ,  7.0075359E-05 ,  2.48757874E-06;
  1990.56543,  6.91130772E-05,  2.42301235E-06;
  2004.17944,  6.81641322E-05,  2.3604191E-06 ;
  2017.8866 ,  6.72282476E-05,  2.29950479E-06;
  2031.6875 ,  6.63053943E-05,  2.23990514E-06;
  2045.58301,  6.53954121E-05,  2.18156651E-06;
  2059.57349,  6.44979082E-05,  2.12474038E-06;
  2073.65942,  6.36125769E-05,  2.06935511E-06;
  2087.8418 ,  6.2739382E-05 ,  2.01541388E-06;
  2102.12109,  6.18782506E-05,  1.96284873E-06;
  2116.49829,  6.10289462E-05,  1.91164372E-06;
  2130.97363,  6.01913089E-05,  1.86176419E-06;
  2145.5481 ,  5.93651494E-05,  1.81316875E-06;
  2160.22217,  5.85503512E-05,  1.76584035E-06;
  2174.99634,  5.77468491E-05,  1.7197151E-06 ;
  2189.87207,  5.6954359E-05 ,  1.67479357E-06;
  2204.84912,  5.61727829E-05,  1.6310205E-06 ;
  2219.92871,  5.54019462E-05,  1.58838043E-06;
  2235.11157,  5.4641725E-05 ,  1.54684608E-06;
  2250.39819,  5.38920176E-05,  1.50638448E-06;
  2265.78931,  5.3152602E-05 ,  1.46698187E-06;
  2281.28564,  5.24233292E-05,  1.42857562E-06;
  2296.88818,  5.17040535E-05,  1.39117344E-06;
  2312.59717,  5.09947604E-05,  1.35473795E-06;
  2328.41406,  5.0295228E-05 ,  1.31924833E-06;
  2344.33862,  4.96053217E-05,  1.28467946E-06;
  2360.37231,  4.89248778E-05,  1.2509912E-06 ;
  2376.51562,  4.82537762E-05,  1.21818789E-06;
  2392.76929,  4.75920133E-05,  1.18622893E-06;
  2409.13403,  4.69393344E-05,  1.1551075E-06 ;
  2425.61108,  4.62956341E-05,  1.12478733E-06;
  2442.20068,  4.56607922E-05,  1.09525422E-06;
  2458.90356,  4.50346779E-05,  1.06649259E-06;
  2475.7207 ,  4.44171856E-05,  1.03847083E-06;
  2492.65283,  4.38081661E-05,  1.01118565E-06;
  2509.70093,  4.32076013E-05,  9.84595317E-07;
  2526.86548,  4.26152801E-05,  9.58702117E-07;
  2544.14746,  4.20311044E-05,  9.33482113E-07;
  2561.54785,  4.14549468E-05,  9.08917116E-07;
  2579.06689,  4.08867163E-05,  8.84995927E-07;
  2596.70605,  4.03263693E-05,  8.6168285E-07 ;
  2614.46582,  3.97737094E-05,  8.38984533E-07;
  2632.34692,  3.9228682E-05 ,  8.16878696E-07;
  2650.35034,  3.86911379E-05,  7.95353742E-07;
  2668.47681,  3.81609825E-05,  7.74383352E-07;
  2686.72754,  3.76381213E-05,  7.53950019E-07;
  2705.10278,  3.71224414E-05,  7.34054993E-07;
  2723.60376,  3.66139029E-05,  7.1467224E-07 ;
  2742.23145,  3.61123311E-05,  6.95802044E-07;
  2760.98633,  3.56176934E-05,  6.77421326E-07;
  2779.86963,  3.51298513E-05,  6.59523153E-07;
  2798.88208,  3.46487177E-05,  6.42094562E-07;
  2818.02441,  3.41742125E-05,  6.25122539E-07;
  2837.29761,  3.3706212E-05 ,  6.08598498E-07;
  2856.70288,  3.32446725E-05,  5.92481513E-07;
  2876.24072,  3.27894559E-05,  5.76791251E-07;
  2895.91211,  3.23405329E-05,  5.61513843E-07;
  2915.71826,  3.189778E-05  ,  5.46639797E-07;
  2935.65991,  3.14611061E-05,  5.32154218E-07;
  2955.73755,  3.10304677E-05,  5.18040508E-07;
  2975.95288,  3.06057118E-05,  5.04301795E-07;
  2996.3064 ,  3.01868349E-05,  4.90921366E-07;
