function [delta,beta]=SiO2_delta_beta(E)
%% SiO2_delta_beta
% 
% DESCRIPTION:
%   SiO2 delta and beta values as function of the energy
%   Density assumed rho=2.2 g/cm3
%
%
%%
E_tab=[  1000.      , 
         1006.83929 ,
         1013.7254  ,
         1020.65863 ,
         1027.63916 ,
         1034.66748 ,
         1041.7439  ,
         1048.86877 ,
         1056.04236 ,
         1063.26489 ,
         1070.53687 ,
         1077.85852 ,
         1085.23035 ,
         1092.65271 ,
         1100.12561 ,
         1107.64966 ,
         1115.22534 ,
         1122.85266 ,
         1130.5321  ,
         1138.26428 ,
         1146.04919 ,
         1153.88745 ,
         1161.77917 ,
         1169.72498 ,
         1177.7251  ,
         1185.77979 ,
         1193.88977 ,
         1202.05518 ,
         1210.27637 ,
         1218.55383 ,
         1226.88794 ,
         1235.27893 ,
         1243.72742 ,
         1252.23364 ,
         1260.7981  ,
         1269.42114 ,
         1278.10303 ,
         1286.84436 ,
         1295.64551 ,
         1304.50684 ,
         1313.42871 ,
         1322.41162 ,
         1331.45605 ,
         1340.56238 ,
         1349.73083 ,
         1358.96204 ,
         1368.25647 ,
         1377.61438 ,
         1387.03625 ,
         1396.52258 ,
         1406.07397 ,
         1415.69043 ,
         1425.3728  ,
         1435.12146 ,
         1444.93665 ,
         1454.81897 ,
         1464.76892 ,
         1474.78687 ,
         1484.87341 ,
         1495.02893 ,
         1505.25391 ,
         1515.54883 ,
         1525.91406 ,
         1536.35034 ,
         1546.85791 ,
         1557.43726 ,
         1568.08911 ,
         1578.81384 ,
         1589.61182 ,
         1600.48364 ,
         1611.42981 ,
         1622.45081 ,
         1633.54736 ,
         1644.71973 ,
         1655.96838 ,
         1667.29419 ,
         1678.69727 ,
         1690.17834 ,
         1701.73804 ,
         1713.37671 ,
         1725.09509 ,
         1736.89355 ,
         1748.77258 ,
         1760.73303 ,
         1772.77527 ,
         1784.89978 ,
         1797.10718 ,
         1809.39832 ,
         1821.77332 ,
         1834.23291 ,
         1846.77783 ,
         1859.40845 ,
         1872.12561 ,
         1884.92969 ,
         1897.82117 ,
         1910.80103 ,
         1923.86963 ,
         1937.02759 ,
         1950.27539 ,
         1963.61401 ,
         1977.0437  ,
         1990.56543 ,
         2004.17944 ,
         2017.8866  ,
         2031.6875  ,
         2045.58301 ,
         2059.57349 ,
         2073.65942 ,
         2087.8418  ,
         2102.12109 ,
         2116.49829 ,
         2130.97363 ,
         2145.5481  ,
         2160.22217 ,
         2174.99634 ,
         2189.87207 ,
         2204.84912 ,
         2219.92871 ,
         2235.11157 ,
         2250.39819 ,
         2265.78931 ,
         2281.28564 ,
         2296.88818 ,
         2312.59717 ,
         2328.41406 ,
         2344.33862 ,
         2360.37231 ,
         2376.51562 ,
         2392.76929 ,
         2409.13403 ,
         2425.61108 ,
         2442.20068 ,
         2458.90356 ,
         2475.7207  ,
         2492.65283 ,
         2509.70093 ,
         2526.86548 ,
         2544.14746 ,
         2561.54785 ,
         2579.06689 ,
         2596.70605 ,
         2614.46582 ,
         2632.34692 ,
         2650.35034 ,
         2668.47681 ,
         2686.72754 ,
         2705.10278 ,
         2723.60376 ,
         2742.23145 ,
         2760.98633 ,
         2779.86963 ,
         2798.88208 ,
         2818.02441 ,
         2837.29761 ,
         2856.70288 ,
         2876.24072 ,
         2895.91211 ,
         2915.71826 ,
         2935.65991 ,
         2955.73755 ,
         2975.95288 ,
         2996.3064  ,
         3016.79907 ,
         3037.43164 ,
         3058.20581 ,
         3079.12183 ,
         3100.18091 ,
         3121.38379 ,
         3142.73218 ,
         3164.22607 ,
         3185.86719 ,
         3207.65649 ,
         3229.59448 ,
         3251.68286 ,
         3273.92188 ,
         3296.31323 ,
         3318.85791 ,
         3341.55664 ,
         3364.4104  ,
         3387.42065 ,
         3410.58838 ,
         3433.91431 ,
         3457.40015 ,
         3481.04614 ,
         3504.85425 ,
         3528.82495 ,
         3552.95972 ,
         3577.25952 ,
         3601.72559 ,
         3626.35864 ,
         3651.1604  ,
         3676.13208 ,
         3701.27417 ,
         3726.58813 ,
         3752.07568 ,
         3777.73706 ,
         3803.57422 ,
         3829.58813 ,
         3855.77979 ,
         3882.15088 ,
         3908.7019  ,
         3935.43481 ,
         3962.35034 ,
         3989.4502  ,
         4016.73511 ,
         4044.20703 ,
         4071.86646 ,
         4099.71533 ,
         4127.75488 ,
         4155.98535 ,
         4184.40967 ,
         4213.02783 ,
         4241.84229 ,
         4270.85352 ,
         4300.06299 ,
         4329.47266 ,
         4359.08301 ,
         4388.89648 ,
         4418.91357 ,
         4449.13574 ,
         4479.56445 ,
         4510.20215 ,
         4541.04834 ,
         4572.10645 ,
         4603.37646 ,
         4634.85986 ,
         4666.55908 ,
         4698.47559 ,
         4730.60986 ,
         4762.96387 ,
         4795.53955 ,
         4828.3374  ,
         4861.35986 ,
         4894.60791 ,
         4928.08398 ,
         4961.78857 ,
         4995.72363 ,
         5029.89111 ,
         5064.29199 ,
         5098.92822 ,
         5133.80127 ,
         5168.91357 ,
         5204.26514 ,
         5239.8584  ,
         5275.69531 ,
         5311.77783 ,
         5348.10645 ,
         5384.68408 ,
         5421.51172 ,
         5458.59082 ,
         5495.92383 ,
         5533.51221 ,
         5571.35791 ,
         5609.46191 ,
         5647.82666 ,
         5686.45361 ,
         5725.34521 ,
         5764.50244 ,
         5803.92773 ,
         5843.62256 ,
         5883.58936 ,
         5923.82861 ,
         5964.34375 ,
         6005.13574 ,
         6046.20654 ,
         6087.55811 ,
         6129.19336 ,
         6171.1123  ,
         6213.31885 ,
         6255.81348 ,
         6298.59863 ,
         6341.67725 ,
         6385.0498  ,
         6428.71924 ,
         6472.68701 ,
         6516.95605 ,
         6561.52734 ,
         6606.40332 ,
         6651.58643 ,
         6697.0791  ,
         6742.88232 ,
         6788.99902 ,
         6835.43115 ,
         6882.18066 ,
         6929.25    ,
         6976.64111 ,
         7024.35693 ,
         7072.39844 ,
         7120.76904 ,
         7169.46973 ,
         7218.50439 ,
         7267.87354 ,
         7317.58105 ,
         7367.62793 ,
         7418.01807 ,
         7468.75195 ,
         7519.83301 ,
         7571.26318 ,
         7623.04541 ,
         7675.18164 ,
         7727.6748  ,
         7780.52686 ,
         7833.74023 ,
         7887.31787 ,
         7941.26123 ,
         7995.57422 ,
         8050.25879 ,
         8105.31641 ,
         8160.75146 ,
         8216.56543 ,
         8272.76074 ,
         8329.34082 ,
         8386.30762 ,
         8443.66406 ,
         8501.41309 ,
         8559.55664 ,
         8618.09863 ,
         8677.04004 ,
         8736.38574 ,
         8796.13574 ,
         8856.2959  ,
         8916.86621 ,
         8977.85156 ,
         9039.25391 ,
         9101.07617 ,
         9163.32129 ,
         9225.99219 ,
         9289.09082 ,
         9352.62207 ,
         9416.58789 ,
         9480.99023 ,
         9545.83496 ,
         9611.12109 ,
         9676.85449 ,
         9743.03711 ,
         9809.67285 ,
         9876.76465 ,
         9944.31543 ,
         10012.3271 ,
         10080.8047 ,
         10149.75   ,
         10219.168  ,
         10289.0596 ,
         10359.4297 ,
         10430.2803 ,
         10501.6162 ,
         10573.4404 ,
         10645.7559 ,
         10718.5654 ,
         10791.873  ,
         10865.6816 ,
         10939.9961 ,
         11014.8174 ,
         11090.1504 ,
         11166.     ,
