function [delta,beta]=Water_delta_beta(E)
%% function [delta,beta]=Water_delta_beta(E)
% 
% DESCRIPTION:
%   Water delta and beta values as function of the energy
%   Density assumed rho=1.0 g/cm3
%
%
%%
table=[1000.     ,  0.000235687083,  4.04501916E-05;
  1006.83929,  0.000232648788,  3.94574272E-05;
  1013.7254 ,  0.000229649595,  3.84890263E-05;
  1020.65863,  0.000226682081,  3.7549642E-05 ;
  1027.63916,  0.000223749856,  3.66355125E-05;
  1034.66748,  0.000220853763,  3.57418758E-05;
  1041.7439 ,  0.000217991765,  3.48666472E-05;
  1048.86877,  0.000215166758,  3.40128245E-05;
  1056.04236,  0.000212364728,  3.31746742E-05;
  1063.26489,  0.000209598962,  3.23571003E-05;
  1070.53687,  0.000206861936,  3.15595353E-05;
  1077.85852,  0.000204156488,  3.07815608E-05;
  1085.23035,  0.000201483781,  3.0022733E-05 ;
  1092.65271,  0.000198839363,  2.92826317E-05;
  1100.12561,  0.000196229696,  2.85607803E-05;
  1107.64966,  0.000193646614,  2.78566258E-05;
  1115.22534,  0.000191096799,  2.71697918E-05;
  1122.85266,  0.000188576552,  2.65000417E-05;
  1130.5321 ,  0.000186086443,  2.58468935E-05;
  1138.26428,  0.000183627839,  2.52098234E-05;
  1146.04919,  0.000181197072,  2.45885203E-05;
  1153.88745,  0.000178798393,  2.39825276E-05;
  1161.77917,  0.000176426605,  2.33912888E-05;
  1169.72498,  0.000174085435,  2.28145836E-05;
  1177.7251 ,  0.000171772917,  2.22521103E-05;
  1185.77979,  0.000169488805,  2.17035049E-05;
  1193.88977,  0.000167234321,  2.11684219E-05;
  1202.05518,  0.000165006088,  2.06465429E-05;
  1210.27637,  0.000162807541,  2.01375187E-05;
  1218.55383,  0.000160635711,  1.96410492E-05;
  1226.88794,  0.00015849217 ,  1.91568124E-05;
  1235.27893,  0.000156376103,  1.86838806E-05;
  1243.72742,  0.000154286798,  1.82218246E-05;
  1252.23364,  0.00015222514 ,  1.77710717E-05;
  1260.7981 ,  0.000150188134,  1.73300432E-05;
  1269.42114,  0.000148178398,  1.68999613E-05;
  1278.10303,  0.000146192004,  1.64789944E-05;
  1286.84436,  0.000144230944,  1.60679774E-05;
  1295.64551,  0.000142294666,  1.56672268E-05;
  1304.50684,  0.000140381948,  1.52764969E-05;
  1313.42871,  0.000138494841,  1.48955041E-05;
  1322.41162,  0.000136630159,  1.4524072E-05 ;
  1331.45605,  0.000134790564,  1.41619021E-05;
  1340.56238,  0.000132973859,  1.38087335E-05;
  1349.73083,  0.000131180757,  1.34643524E-05;
  1358.96204,  0.000129411172,  1.31286079E-05;
  1368.25647,  0.000127664011,  1.28013107E-05;
  1377.61438,  0.000125940453,  1.2482179E-05 ;
  1387.03625,  0.000124238417,  1.21709536E-05;
  1396.52258,  0.000122559286,  1.18674961E-05;
  1406.07397,  0.000120901786,  1.15715266E-05;
  1415.69043,  0.000119266064,  1.12828911E-05;
  1425.3728 ,  0.000117652104,  1.10014771E-05;
  1435.12146,  0.000116058996,  1.07271808E-05;
  1444.93665,  0.000114487477,  1.04597266E-05;
  1454.81897,  0.000112936774,  1.01985934E-05;
  1464.76892,  0.000111407018,  9.94394304E-06;
  1474.78687,  0.000109897424,  9.69525991E-06;
  1484.87341,  0.00010840781 ,  9.45249121E-06;
  1495.02893,  0.000106938169,  9.21535775E-06;
  1505.25391,  0.000105487459,  8.98238795E-06;
  1515.54883,  0.000104056438,  8.75530077E-06;
  1525.91406,  0.000102642662,  8.53376696E-06;
  1536.35034,  0.000101247693,  8.31780289E-06;
  1546.85791,  9.9871002E-05 ,  8.10736947E-06;
  1557.43726,  9.85123042E-05,  7.90231934E-06;
  1568.08911,  9.71719201E-05,  7.70243878E-06;
  1578.81384,  9.58488235E-05,  7.50747222E-06;
  1589.61182,  9.45437496E-05,  7.31744149E-06;
  1600.48364,  9.32556795E-05,  7.13221834E-06;
  1611.42981,  9.19849408E-05,  6.95169001E-06;
  1622.45081,  9.07311478E-05,  6.77575144E-06;
  1633.54736,  8.9493944E-05 ,  6.60429168E-06;
  1644.71973,  8.82735694E-05,  6.43716294E-06;
  1655.96838,  8.70692966E-05,  6.27421514E-06;
  1667.29419,  8.58814237E-05,  6.11539099E-06;
  1678.69727,  8.47093688E-05,  5.96058362E-06;
  1690.17834,  8.35531609E-05,  5.8096889E-06 ;
  1701.73804,  8.24126255E-05,  5.66261588E-06;
  1713.37671,  8.12875005E-05,  5.51926496E-06;
  1725.09509,  8.01777205E-05,  5.37953474E-06;
  1736.89355,  7.9082929E-05 ,  5.24257348E-06;
  1748.77258,  7.80031114E-05,  5.10910377E-06;
  1760.73303,  7.69374092E-05,  4.97886458E-06;
  1772.77527,  7.5885946E-05 ,  4.85186001E-06;
  1784.89978,  7.48486782E-05,  4.72803777E-06;
  1797.10718,  7.38251329E-05,  4.60725823E-06;
  1809.39832,  7.28155719E-05,  4.48956371E-06;
  1821.77332,  7.18193769E-05,  4.37485687E-06;
  1834.23291,  7.08368025E-05,  4.26308088E-06;
  1846.77783,  6.98673903E-05,  4.15416116E-06;
  1859.40845,  6.89110893E-05,  4.04803177E-06;
  1872.12561,  6.79677905E-05,  3.94461267E-06;
  1884.92969,  6.70371737E-05,  3.84382975E-06;
  1897.82117,  6.61192971E-05,  3.74562637E-06;
  1910.80103,  6.52138042E-05,  3.64993139E-06;
  1923.86963,  6.43206804E-05,  3.55668112E-06;
  1937.02759,  6.34396638E-05,  3.46581214E-06;
  1950.27539,  6.25706089E-05,  3.37727101E-06;
  1963.61401,  6.17134137E-05,  3.29098953E-06;
  1977.0437 ,  6.08678274E-05,  3.20691106E-06;
  1990.56543,  6.00338099E-05,  3.12497787E-06;
  2004.17944,  5.92112629E-05,  3.04553237E-06;
  2017.8866 ,  5.83999827E-05,  2.96818826E-06;
  2031.6875 ,  5.75999475E-05,  2.89246486E-06;
  2045.58301,  5.68110045E-05,  2.81829466E-06;
  2059.57349,  5.60328153E-05,  2.74601393E-06;
  2073.65942,  5.52649944E-05,  2.67551559E-06;
  2087.8418 ,  5.450768E-05  ,  2.60682646E-06;
  2102.12109,  5.37606575E-05,  2.53985627E-06;
  2116.49829,  5.30238358E-05,  2.47459025E-06;
  2130.97363,  5.22970549E-05,  2.41098996E-06;
  2145.5481 ,  5.15801257E-05,  2.34900449E-06;
  2160.22217,  5.08730263E-05,  2.28860995E-06;
  2174.99634,  5.01756112E-05,  2.22971448E-06;
  2189.87207,  4.94877313E-05,  2.17233264E-06;
  2204.84912,  4.88092228E-05,  2.11639463E-06;
  2219.92871,  4.81399875E-05,  2.06188179E-06;
  2235.11157,  4.74799308E-05,  2.00875843E-06;
  2250.39819,  4.68289363E-05,  1.9569809E-06 ;
  2265.78931,  4.61868694E-05,  1.90653827E-06;
  2281.28564,  4.55535046E-05,  1.85734496E-06;
  2296.88818,  4.49288273E-05,  1.80941913E-06;
  2312.59717,  4.43127283E-05,  1.76270828E-06;
  2328.41406,  4.37050621E-05,  1.71718978E-06;
  2344.33862,  4.31057342E-05,  1.67283827E-06;
  2360.37231,  4.25145772E-05,  1.62960771E-06;
  2376.51562,  4.19315365E-05,  1.58749594E-06;
  2392.76929,  4.13565285E-05,  1.5464359E-06 ;
  2409.13403,  4.07894186E-05,  1.50643541E-06;
  2425.61108,  4.02300648E-05,  1.4674456E-06 ;
  2442.20068,  3.96783871E-05,  1.429451E-06  ;
  2458.90356,  3.91342728E-05,  1.39243673E-06;
  2475.7207 ,  3.85975945E-05,  1.35637003E-06;
  2492.65283,  3.80682723E-05,  1.32123785E-06;
  2509.70093,  3.7546266E-05 ,  1.28696831E-06;
  2526.86548,  3.70314228E-05,  1.25358224E-06;
  2544.14746,  3.65236265E-05,  1.22105143E-06;
  2561.54785,  3.60227787E-05,  1.18935384E-06;
  2579.06689,  3.55288175E-05,  1.15847638E-06;
  2596.70605,  3.50416594E-05,  1.12837722E-06;
  2614.46582,  3.4561177E-05 ,  1.09906046E-06;
  2632.34692,  3.4087323E-05 ,  1.07048538E-06;
  2650.35034,  3.36199701E-05,  1.04264791E-06;
  2668.47681,  3.31590163E-05,  1.01552143E-06;
  2686.72754,  3.27043708E-05,  9.89084128E-07;
  2705.10278,  3.22559754E-05,  9.6333315E-07 ;
  2723.60376,  3.18137827E-05,  9.38227629E-07;
  2742.23145,  3.13776436E-05,  9.13777342E-07;
  2760.98633,  3.09475181E-05,  8.89951139E-07;
  2779.86963,  3.05232934E-05,  8.66741743E-07;
  2798.88208,  3.01049004E-05,  8.4412892E-07 ;
  2818.02441,  2.96922626E-05,  8.22094648E-07;
  2837.29761,  2.92852819E-05,  8.00634893E-07;
  2856.70288,  2.88838892E-05,  7.79707875E-07;
  2876.24072,  2.8487997E-05 ,  7.59327463E-07;
  2895.91211,  2.80975819E-05,  7.39462621E-07;
  2915.71826,  2.77125346E-05,  7.20109824E-07;
  2935.65991,  2.73327678E-05,  7.01256397E-07;
  2955.73755,  2.6958227E-05 ,  6.8288233E-07 ;
  2975.95288,  2.65888084E-05,  6.64990409E-07;
  2996.3064 ,  2.62244776E-05,  6.47559887E-07;
